sample_id	n_hom_ref	n_het	n_hom_alt	missing
AFC09022_L3I4	532235	3103	1415	82600
AFC09027_L3I4	597069	3535	1448	17301
AFC09028_L3I4	589234	3653	1435	25031
AFC09038_L3I4	522386	3298	931	92738
AFC09040_L3I4	602458	3797	1436	11662
AFC09042_L3I4	535877	3262	1355	78859
AFC09046_L3I4	585313	3585	1451	29004
AFC09050_L3I4	551849	3498	1131	62875
AFC09131_L3I4	470028	4382	973	143970
AFC09136_L3I4	587547	3636	1405	26765
AFC09192_L3I4	551894	3390	1325	62744
AFC09250_L3I4	509874	3138	1240	105101
AFC09269_L4I3	379954	2382	406	236611
AFC09282_L4I3	513974	3198	972	101209
AFS03068_L3I4	522409	3309	1039	92596
BOU15001_L1I4	349952	6047	25453	237901
BOU15002_L1I4	476369	8339	35290	99355
BOU15003_L1I4	244891	3900	17883	352679
BOU15004_L1I4	427869	7576	31293	152615
BOU15005_L1I4	507988	9130	37192	65043
BOU15006_L1I4	397056	2013	890	219394
BOU15007_L1I4	535670	3074	1108	79501
BOU15009_L1I4	195539	966	457	422391
BOU15010_L1I4	605727	3604	1365	8657
BOU15011_L1I4	298262	1559	641	318891
BOU15012_L1I4	584082	3460	1234	30577
BOU15013_L1I4	568183	3324	998	46848
BOU15014_L1I4	602556	3527	1357	11913
BOU15015_L1I4	587713	3573	1158	26909
BOU15016_L1I4	487628	2822	1073	127830
BOU15017_L1I4	560080	33004	1491	24778
BOU15018_L4I3	107653	370	205	511125
BOU15019_L4I3	589044	3473	1267	25569
BOU15020_L4I3	596808	3632	1249	17664
BOU15021_L4I3	447626	2651	654	168422
BOU15022_L4I3	558706	3415	1088	56144
BOU15023_L4I3	608514	3695	1364	5780
BOU15024_L4I3	220462	995	372	397524
BOU15025_L4I3	478917	2851	720	136865
BOU15027_L4I3	498291	8718	35275	77069
BOU15028_L4I3	583437	3568	1166	31182
BOU15029_L4I3	180893	1366	113	436981
BOU15030_L4I3	493616	8405	33207	84125
BOU15031_L4I3	502663	23140	17887	75663
BOU15032_L4I3	407929	2127	822	208475
JAV11001_L5I2	394436	2969	856	221092
JAV11002_L5I2	393674	2749	977	221953
JAV11003_L5I2	261535	1919	331	355568
JAV11004_L5I2	366123	2252	853	250125
JAV11005_L5I2	404793	3073	887	210600
JAV11006_L5I2	384827	2892	810	230824
JAV11007_L5I2	371378	16103	22012	209860
JAV11008_L5I2	481243	3558	1265	133287
JAV11009_L5I2	237929	1863	356	379205
JAV11010_L5I2	392475	10338	19783	196757
JAV11011_L5I2	314666	2041	729	301917
JAV11012_L5I2	420631	2878	1064	194780
JAV11013_L5I2	493625	3630	1242	120856
JAV11014_L5I2	337421	2043	753	279136
JAV11015_L5I2	224792	9053	10381	375127
JAV11016_L5I2	299367	12717	16516	290753
JAV11017_L5I2	377459	2838	762	238294
JAV11018_L5I2	384474	2624	996	231259
JAV11019_L5I2	160297	1186	156	457714
JAV11021_L5I2	444065	3261	1027	171000
JAV11022_L5I2	259578	10789	17902	331084
JAV11023_L5I2	404579	9504	20143	185127
JAV11024_L5I2	448584	3318	1112	166339
JAV11025_L4I1	396544	2715	520	219574
JAV11027_L4I1	369519	2600	445	246789
JAV11028_L4I1	357615	2510	448	258780
JAV11030_L4I1	285432	2013	330	331578
MAY03001_L1I4	599397	3713	1323	14920
MAY03003_L1I4	606951	3719	1475	7208
MAY03005_L2I4	524244	3321	1147	90641
MAY03006_L2I4	432653	2612	846	183242
MAY03007_L2I4	359004	2182	633	257534
MAY03009_L3I4	559727	3570	1359	54697
MAY03013_L4I4	511195	3236	1159	103763
MAY03017_L4I4	596404	3716	1437	17796
MAY03018_L4I4	539278	3384	1168	75523
MAY03019_L4I4	531057	3319	1251	83726
MAY03020_L4I4	406583	2448	742	209580
MAY03021_L4I4	582966	3679	1351	31357
MAY03022_L4I4	582042	3676	1351	32284
MAY03023_L4I4	568548	3591	1360	45854
MAY03024_L4I4	578240	3605	1402	36106
MAY03025_L4I4	570037	3579	1401	44336
MAY03027_L4I4	535202	3446	1236	79469
MAY03028_L4I4	530046	3153	1190	84964
NCA16001_L1I3	379949	2360	611	236433
NCA16002_L1I3	530718	3242	1197	84196
NCA16003_L3I2	80761	383	25	538184
NCA16004_L3I2	334866	2212	345	281930
NCA16005_L1I3	541997	3304	1213	72839
NCA16006_L3I2	511684	2960	1204	103505
NCA16007_L3I2	553437	3226	1172	61518
NCA16008_L1I3	520246	3303	1161	94643
NCA16009_L3I2	584258	3416	1382	30297
NCA16010_L3I2	583609	3640	1319	30785
NCA16011_L3I2	567788	3510	1324	46731
NCA16014_L3I2	524170	3198	1175	90810
NCA16015_L2I1	366016	5084	23392	224861
NCA16018_L3I2	458995	2463	1159	156736
NCA16020_L3I2	487485	2696	1085	128087
NCA16021_L3I2	563640	3669	1241	50803
NCA16022_L1I3	522758	3148	1156	92291
NCA16023_L1I3	472086	2762	1073	143432
NCA16024_L3I2	441103	2388	779	175083
NCA16025_L1I3	257891	1609	476	359377
NCA16027_L2I1	460138	2502	974	155739
NCA16028_L1I3	537927	3189	1268	76969
NCA16030_L1I3	553579	3307	1258	61209
NCA16031_L2I1	546261	3183	1100	68809
NCA16034_L1I3	399280	2469	658	216946
NCA16035_L1I3	561336	3362	1310	53345
NCA16036_L1I3	465883	2890	871	149709
NCA16039_L1I3	470404	2777	936	145236
NCA16041_L1I3	556885	3297	1255	57916
NCA16042_L1I3	556046	3237	1310	58760
NCA16043_L1I3	534058	3265	1121	80909
NCA16044_L1I3	511565	2990	1209	103589
NCA16045_L1I3	561867	3450	1281	52755
NCA16046_L1I3	558059	3334	1313	56647
NCA16049_L1I3	564073	3441	1336	50503
NCA16053_L1I3	554204	3269	1248	60632
NCA16056_L1I3	446750	2606	1032	168965
NCA16063_L1I3	214936	1370	360	402687
NCA16064_L1I3	539984	3141	1290	74938
NCA16084_L3I2	475713	2813	1018	139809
NCA16099_L2I1	479022	2621	1144	136566
NCA16110_L2I1	547403	3158	1246	67546
NCA16116_L2I1	564959	3359	1239	49796
NCA16117_L2I1	580697	3421	1368	33867
NCA16120_L2I1	483475	2677	1148	132053
PHC08C01_L5I3	523868	16364	15638	63483
PHC08C02_L5I3	406785	12303	11005	189260
PHC08C03_L5I3	450993	13804	13462	141094
PHC08C04_L5I3	457169	14015	14157	134012
PHC08C05_L5I3	368235	10742	10904	229472
PHC08C06_L5I3	405507	12311	13013	188522
PHC08C07_L5I3	481730	15128	14824	107671
PHC08C09_L5I3	463153	14348	13288	128564
PHC08C10_L5I3	493511	9016	3085	113741
PHC08C11_L5I3	330630	9572	10180	268971
PHC08C12_L5I3	449536	13944	13264	142609
PHC08C13_L5I3	517135	16577	15238	70403
PHC08C15_L5I3	437811	13377	12329	155836
PHC08C16_L5I3	496734	15418	13905	93296
PHC08C18_L5I3	506421	15632	15144	82156
PHC08C20_L5I3	561429	10308	3385	44231
PHC08C22_L5I3	513449	16182	15853	73869
PHC08C24_L5I3	155145	3939	2718	457551
PHC08C25_L5I3	456229	8137	2184	152803
PHC08C26_L5I3	431343	13250	13484	161276
PHC08C27_L4I1	526290	16278	14532	62253
PHC08C28_L4I1	351884	10170	7451	249848
PHC08C29_L4I1	345515	10043	7592	256203
PHC08P20_L3I2	580322	10774	3591	24666
PHC08P22_L3I2	561491	10060	3544	44258
PHC08P23_L3I2	511879	9289	3289	94896
PHP14P01_L5I4	575000	10722	3686	29945
PHP14P02_L5I4	542995	9879	3534	62945
PHP14P03_L5I4	487292	8604	3164	120293
PHP14P04_L5I4	577671	10602	3560	27520
PHP14P05_L5I4	495685	8875	3249	111544
PHP14P06_L5I4	530057	9669	3003	76624
PHP14P07_L5I4	581799	10607	3624	23323
PHP14P08_L5I4	545486	10116	3284	60467
PHP14P09_L5I4	585044	11016	3736	19557
PHP14P10_L5I4	583277	10872	3748	21456
PHP14P11_L5I4	484310	8555	3290	123198
PHP14P12_L5I4	580606	10691	3594	24462
PHP14P13_L5I4	578152	10687	3574	26940
PHP14P14_L5I4	557246	10391	3573	48143
PHP14P15_L5I4	484510	8731	2429	123683
PHP14P16_L5I4	207854	3244	349	407906
PHP14P17_L5I4	565126	10339	3657	40231
PHP14P18_L5I4	587826	10916	3604	17007
PHP14P19_L5I4	543770	9754	3369	62460
PHP14P21_L5I4	463577	8290	2469	145017
PHP14P24_L4I1	582782	10742	3609	22220
PHP14P25_L4I1	585162	10779	3549	19863
PHP14P26_L4I1	536261	10016	3515	69561
PHP14P27_L4I1	528674	9951	3491	77237
PHP14P28_L4I1	551586	10314	3584	53869
PHP14P29_L4I1	588150	10917	3823	16463
PHP14P30_L4I1	585626	10840	3806	19081
REU01002_L1I4	601984	3734	1429	12206
REU01014_L4I4	547801	3481	1216	66855
REU01016_L4I4	481610	3114	993	133636
REU03004_L1I4	600221	3747	1459	13926
REU03008_L2I4	485025	3042	1026	130260
REU03010_L3I4	578949	3534	1382	35488
REU03011_L3I4	589426	3739	1376	24812
REU03012_L3I4	488992	3046	1298	126017
REU03015_L4I4	574982	3567	1425	39379
REU03026_L4I4	408092	19273	40740	151248
SAA16001_L2I3	535138	3126	1255	79834
SAA16002_L2I3	528216	3036	1203	86898
SAA16003_L2I3	564797	2860	1223	50473
SAA16004_L2I3	593352	3484	1251	21266
SAA16005_L3I4	75428	240	227	543458
SAA16006_L2I3	545072	3123	1255	69903
SAA16007_L2I3	595280	3475	1387	19211
SAA16008_L2I3	561112	3125	872	54244
SAA16009_L2I3	560220	2853	1324	54956
SAA16010_L2I3	298652	1484	330	318887
SAA16011_L2I3	534672	39119	1266	44296
SAA16012_L2I3	491042	36007	1473	90831
SAA16013_L2I3	510293	35432	609	73019
SAA16014_L2I3	476310	8045	31680	103318
SAA16015_L2I3	499086	8747	35998	75522
SAA16016_L2I3	500893	2732	1157	114571
SAA16017_L2I3	185544	1055	206	432548
SAA16018_L2I3	552936	3164	1311	61942
SAA16019_L2I3	335050	1841	296	282166
SAA16020_L2I3	577163	3332	1201	37657
SAA16021_L2I3	351986	2077	407	264883
SAA16022_L2I3	569442	3401	1327	45183
SAA16023_L2I3	583061	3519	1326	31447
SAA16024_L2I3	480572	21256	1332	116193
SAA16025_L2I3	581065	3152	1299	33837
SAA16026_L4I3	545263	3150	1220	69720
SAA16027_L4I3	406562	28286	1310	183195
SAA16029_L4I3	362962	1897	684	253810
SAA16030_L4I3	513477	3016	1058	101802
SAA16031_L4I3	534700	2734	1299	80620
SAA16032_L4I3	590606	3490	1300	23957
SAA16034_L4I4	480938	2662	1051	134702
SAA16035_L4I4	462655	2552	1050	153096
SAA16036_L4I4	463407	2428	1054	152464
SAA16038_L2I2	593458	3153	1400	21342
SAW16001_L1I2	481839	2893	1037	133584
SAW16002_L1I2	365969	6131	25865	221388
SAW16003_L1I2	419390	1921	986	197056
SAW16004_L1I2	320582	1949	534	296288
SAW16005_L1I2	502202	2771	1181	113199
SAW16007_L1I2	495264	3086	1040	119963
SAW16008_L1I2	496232	2988	1108	119025
SAW16009_L1I2	503427	3106	1097	111723
SAW16010_L1I2	397767	2069	826	218691
SAW16011_L1I2	505239	2879	1195	110040
SAW16012_L1I2	508832	3021	1172	106328
SAW16013_L1I2	454299	2466	1026	161562
SAW16014_L1I2	498878	2866	1123	116486
SAW16015_L1I2	520237	3079	1146	94891
SAW16016_L1I2	515117	3065	1184	99987
SAW16017_L1I2	443383	2364	900	172706
SAW16019_L1I2	536194	3183	1247	78729
SAW16020_L1I2	526784	3177	1244	88148
SAW16021_L1I2	346790	4275	25095	243193
SAW16022_L1I2	431448	5323	28436	154146
SAW16023_L1I2	412955	5117	28564	172717
SAW16024_L1I2	412751	5294	27420	173888
SAW16025_L3I1	410137	5429	27025	176762
SAW16026_L3I1	449531	6032	30522	133268
SAW16027_L3I1	442697	5868	29801	140987
SAW16028_L3I1	425828	5465	28623	159437
SAW16030_L3I1	426106	5569	31080	156598
SAW16031_L3I1	424868	5540	28591	160354
SAW16032_L3I1	454935	5544	32597	126277
SAW16033_L3I1	379865	4760	26933	207795
SAW16034_L3I1	422950	5773	28524	162106
SAW16035_L3I1	367224	4751	26775	220603
SAW16036_L3I1	411173	5094	29869	173217
SAW16037_L3I1	382158	4670	27800	204725
SAW16038_L3I1	467953	5853	34068	111479
SAW16039_L3I1	443019	5961	30957	139416
SAW16040_L1I4	343961	4409	24740	246243
SAW16041_L3I1	457318	5843	32588	123604
SAW16042_L3I1	463269	5768	32336	117980
SAW16044_L3I1	149017	1809	6103	462424
SAW16045_L3I1	397155	4995	25720	191483
SAW16046_L3I1	506371	2955	1168	108859
SAW16047_L3I1	421347	2281	883	194842
SAW16048_L3I1	463093	2819	962	152479
SAW16049_L3I1	431972	2251	894	184236
SAW16050_L4I2	533187	3169	1105	81892
SAW16051_L4I2	556077	3228	1088	58960
SAW16052_L4I2	588194	3445	1299	26415
SAW16054_L4I2	601108	3531	1402	13312
SAW16055_L4I2	604456	3563	1374	9960
SAW16056_L4I2	599358	3452	1410	15133
SAW16057_L4I2	390754	2190	501	225908
SAW16058_L4I2	542482	3077	1184	72610
SAW17B02_L4I2	594916	3474	1427	19536
SAW17B10_L4I2	510026	8919	37706	62702
SAW17B13_L4I2	512435	9127	38092	59699
SAW17B16_L4I2	515918	6955	37515	58965
SAW17B17_L4I2	497677	6793	36431	78452
SAW17B18_L4I2	494242	6501	36362	82248
SAW17B19_L4I2	439607	5792	32831	141123
SAW17B27_L4I2	462309	33249	1405	122390
SAW17B48_L4I2	454027	8096	33905	123325
SAW17B49_L4I2	559970	41390	1404	16589
SAW17B55_L4I2	520553	9237	38188	51375
SAW17B56_L4I2	563507	3362	1313	51171
SAW17B57_L4I2	585981	3546	1254	28572
SAW17B58_L4I2	572748	3291	1379	41935
SOK16354_L2I1	564163	3327	1248	50615
SOL16V01_L3I2	590771	3384	1297	23901
SOL16V02_L2I4	559956	3333	1230	54834
SOL16V03_L3I2	453162	2479	970	162742
SOL16V04_L3I2	444362	2409	979	171603
SOL16V06_L2I4	543930	3251	1128	71044
SOL16V07_L2I4	587621	3540	1185	27007
SOL16V08_L3I2	480654	2778	1130	134791
SOL16V10_L2I1	145107	853	369	473024
SOL16V11_L2I1	74038	445	149	544721
SOL16V12_L2I1	496534	2847	1127	118845
SOL16V13_L2I1	408306	2264	948	207835
SON16364_L2I1	383162	2385	660	233146
SON16370_L2I4	560320	3322	1168	54543
SON16371_L3I2	559680	3363	1110	55200
SOR16R01_L2I4	587635	3464	1270	26984
SOR16R02_L3I2	568722	3441	1351	45839
SOR16R03_L2I4	570484	3326	1225	44318
SOR16R06_L2I4	424463	2549	956	191385
SOR16R07_L2I4	537354	3186	1244	77569
SOR16R09_L4I4	79990	215	111	539037
SOR16R12_L2I4	471461	2639	1081	144172
SOR16R13_L2I4	486303	2703	1125	129222
SOR16R20_L2I4	527889	3201	1141	87122
SOR16R21_L2I4	569384	3336	1291	45342
SOR16R22_L3I2	492062	3026	549	123716
SOR16R23_L3I2	526846	2953	1223	88331
SOV16374_L2I4	466257	7992	32044	113060
SOV16377_L2I4	542740	3390	1164	72059
TAI15001_L5I1	524185	9750	3236	82182
TAI15002_L5I1	498381	9037	3098	108837
TAI15003_L5I1	551221	10207	3586	54339
TAI15004_L5I1	529151	9797	3189	77216
TAI15005_L5I1	565825	10452	3585	39491
TAI15006_L5I1	446823	7750	2972	161808
TAI15007_L5I1	449983	7774	2923	158673
TAI15008_L5I1	489800	8887	3139	117527
TAI15009_L5I1	473835	8626	3060	133832
TAI15010_L5I1	517376	9298	3250	89429
TAI15011_L5I1	428140	7567	2057	181589
TAI15012_L5I1	489059	8783	3097	118414
TAI15013_L5I1	473145	8419	2955	134834
TAI15014_L5I1	493309	8848	3006	114190
TAI15015_L5I1	447040	8193	2731	161389
TAI15016_L5I1	563715	10403	3486	41749
TAI15017_L5I1	552638	10280	3557	52878
TAI15018_L5I1	521454	9535	3235	85129
TAI15019_L5I1	535148	9442	3262	71501
TAI15020_L5I1	529209	9561	3185	77398
TAI15021_L5I1	549922	10103	3452	55876
TAI15022_L5I1	575390	10559	3567	29837
TAI15023_L5I1	568774	10551	3587	36441
TAI15024_L4I1	582100	10878	3525	22850
TAI15025_L5I1	460291	8201	2880	147981
TAI15026_L4I1	583354	10893	3448	21658
TAI15027_L4I1	558540	10332	3354	47127
TAI15028_L4I1	581810	10829	3490	23224
TAI15029_L4I1	591487	11274	3650	12942
TAI15030_L4I1	589258	10660	3595	15840
VAG12001_L1I1	489458	2874	869	126152
VAG12002_L1I1	422064	2185	464	194640
VAG12003_L1I1	333246	1710	220	284177
VAG12004_L2I2	443714	7653	31501	136485
VAG12005_L3I3	402003	6679	27603	183068
VAG12006_L1I1	434655	7083	23679	153936
VAG12007_L1I1	454920	7475	25653	131305
VAG12008_L1I1	433741	6912	23972	154728
VAG12010_L1I1	338634	5489	15243	259987
VAG12011_L2I2	410991	6956	26147	175259
VAG12012_L1I1	164221	10047	220	444865
VAG12013_L2I1	257819	4310	18147	339077
VAG12014_L1I1	454404	7637	25937	131375
VAG12015_L1I1	396099	6312	19937	197005
VAG12016_L1I1	441876	2571	720	174186
VAG12018_L1I1	467887	32545	624	118297
VAG12019_L1I1	407552	28992	894	181915
VAG12020_L2I2	402100	6850	30402	180001
VAG12022_L1I1	219710	1227	355	398061
VAG12023_L1I1	469815	11429	19295	118814
VAG12024_L2I2	468517	20960	14849	115027
VAG12025_L1I1	593275	3359	1304	21415
VAG12027_L1I1	487109	8724	34471	89049
VAG12029_L1I1	512438	17874	929	88112
VAG12030_L1I1	135638	693	44	482978
VAG12031_L2I2	513128	2921	1148	102156
VAG12033_L2I2	43254	917	168	575014
VAG12034_L2I2	390448	6660	29547	192698
VAG12036_L2I2	311097	1600	603	306053
VAG12037_L2I2	134632	7942	739	476040
VAG12038_L3I3	474822	8062	31017	105452
VAG12039_L2I2	86353	228	104	532668
VAG12040_L2I2	442929	30625	1553	144246
VAG12041_L2I2	507666	9094	33664	68929
VAG12044_L2I2	444340	31733	1310	141970
VAG12045_L2I1	199867	11575	749	407162
VAG12046_L3I3	239392	4016	12843	363102
VAG12047_L3I3	92839	1617	4558	520339
VAG12049_L3I3	485539	37957	16479	79378
VAG12050_L1I1	442185	5839	26432	144897
VAG12051_L4I2	455559	7921	34358	121515
VAG12052_L2I2	338677	1967	736	277973
VAG12053_L2I2	150175	5534	734	462910
VAG12055_L3I3	442870	20199	14921	141363
VAG12056_L3I4	520912	9356	38677	50408
VAG12059_L2I2	266389	1671	443	350850
VAG12060_L1I1	286798	3883	13236	315436
VAG12061_L1I1	479282	6403	30623	103045
VAG12062_L3I3	378701	6476	23484	210692
VAG12063_L2I2	558698	3299	1340	56016
VAG12064_L3I3	404632	6581	23226	184914
VAG12065_L1I1	464062	7731	27746	119814
VAG12067_L3I3	496304	2964	945	119140
VAG12068_L3I3	474493	2754	1074	141032
VAG13070_L3I3	410527	2385	740	205701
VAG13071_L3I3	475588	33788	1062	108915
VAG13072_L3I3	455119	2685	976	160573
VAG13073_L2I2	384696	5562	28294	200801
VAG13074_L2I2	396307	5394	29179	188473
VAG13075_L3I3	413662	6966	25972	172753
VAG13076_L3I3	323184	5396	19534	271239
VAG13077_L3I3	500377	35368	1449	82159
VAG13078_L2I1	512030	37488	1489	68346
VAG13079_L3I3	427231	2572	972	188578
VAG13080_L3I3	372475	4847	25785	216246
VAG13081_L3I3	476759	2782	1001	138811
VAG13082_L3I3	540213	3050	977	75113
VAG13084_L3I3	397074	5520	24291	192468
VAG13085_L3I3	492483	2910	1006	122954
VAG13086_L3I3	462796	7621	28711	120225
VAG13087_L3I3	168295	7301	3635	440122
